% This is the simulation time.
% When calculating the CPA make sure that the time is as long as the
% shortest trajectory

SimTime=[0.033333333
0.075
0.116666667
0.158333333
0.2
0.241666667
0.283333333
0.325
0.366666667
0.408333333
0.45
0.491666667
0.533333333
0.575
0.616666667
0.658333333
0.7
0.741666667
0.783333333
0.825
0.866666667
0.908333333
0.95
0.991666667
1.033333333
1.075
1.116666667
1.158333333
1.2
1.241666667
1.283333333
1.325
1.366666667
1.408333333
1.45
1.491666667
1.533333333
1.575
1.616666667
1.658333333
1.7
1.741666667
1.783333333
1.825
1.866666667
1.908333333
1.95
1.991666667
2.033333333
2.075
2.116666667
2.158333333
2.2
2.241666667
2.283333333
2.325
2.366666667
2.408333333
2.45
2.491666667
2.533333333
2.575
2.616666667
2.658333333
2.7
2.741666667
2.783333333
2.825
2.866666667
2.908333333
2.95
2.991666667
3.033333333
3.075
3.116666667
3.158333333
3.2
3.241666667
3.283333333
3.325
3.366666667
3.408333333
3.45
3.491666667
3.533333333
3.575
3.616666667
3.658333333
3.7
3.741666667
3.783333333
3.825
3.866666667
3.908333333
3.95
3.991666667
4.033333333
4.075
4.116666667
4.158333333
4.2
4.241666667
4.283333333
4.325
4.366666667
4.408333333
4.45
4.491666667
4.533333333
4.575
4.616666667
4.658333333
4.7
4.741666667
4.783333333
4.825
4.866666667
4.908333333
4.95
4.991666667
5.033333333
5.075
5.116666667
5.158333333
5.2
5.241666667
5.283333333
5.325
5.366666667
5.408333333
5.45
5.491666667
5.533333333
5.575
5.616666667
5.658333333
5.7
5.741666667
5.783333333
5.825
5.866666667
5.908333333
5.95
5.991666667
6.033333333
6.075
6.116666667
6.158333333
6.2
6.241666667
6.283333333
6.325
6.366666667
6.408333333
6.45
6.491666667
6.533333333
6.575
6.616666667
6.658333333
6.7
6.741666667
6.783333333
6.825
6.866666667
6.908333333
6.95
6.991666667
7.033333333
7.075
7.116666667
7.158333333
7.2
7.241666667
7.283333333
7.325
7.366666667
7.408333333
7.45
7.491666667
7.533333333
7.575
7.616666667
7.658333333
7.7
7.741666667
7.783333333
7.825
7.866666667
7.908333333
7.95
7.991666667
8.033333333
8.075
8.116666667
8.158333333
8.2
8.241666667
8.283333333
8.325
8.366666667
8.408333333
8.45
8.491666667
8.533333333
8.575
8.616666667
8.658333333
8.7
8.741666667
8.783333333
8.825
8.866666667
8.908333333
8.95
8.991666667
9.033333333
9.075
9.116666667
9.158333333
9.2
9.241666667
9.283333333
9.325
9.366666667
9.408333333
9.45
9.491666667
9.533333333
9.575
9.616666667
9.658333333
9.7
9.741666667
9.783333333
9.825
9.866666667
9.908333333
9.95
9.991666667
10.03333333
10.075
10.11666667
10.15833333
10.2
10.24166667
10.28333333
10.325
10.36666667
10.40833333
10.45
10.49166667
10.53333333
10.575
10.61666667
10.65833333
10.7
10.74166667
10.78333333
10.825
10.86666667
10.90833333
10.95
10.99166667
11.03333333
11.075
11.11666667
11.15833333
11.2
11.24166667
11.28333333
11.325
11.36666667
11.40833333
11.45
11.49166667
11.53333333
11.575
11.61666667
11.65833333
11.7
11.74166667
11.78333333
11.825
11.86666667
11.90833333
11.95
11.99166667
12.03333333
12.075
12.11666667
12.15833333
12.2
12.24166667
12.28333333
12.325
12.36666667
12.40833333
12.45
12.49166667
12.53333333
12.575
12.61666667
12.65833333
12.7
12.74166667
12.78333333
12.825
12.86666667
12.90833333
12.95
12.99166667
13.03333333
13.075
13.11666667
13.15833333
13.2
13.24166667
13.28333333
13.325
13.36666667
13.40833333
13.45
13.49166667
13.53333333
13.575
13.61666667
13.65833333
13.7
13.74166667
13.78333333
13.825
13.86666667
13.90833333
13.95
13.99166667
14.03333333
14.075
14.11666667
14.15833333
14.2
14.24166667
14.28333333
14.325
14.36666667
14.40833333
14.45
14.49166667
14.53333333
14.575
14.61666667
14.65833333
14.7
14.74166667
14.78333333
14.825
14.86666667
14.90833333
14.95
14.99166667
15.03333333
15.075
15.11666667
15.15833333
15.2
15.24166667
15.28333333
15.325
15.36666667
15.40833333
15.45
15.49166667
15.53333333
15.575
15.61666667
15.65833333
15.7
15.74166667
15.78333333
15.825
15.86666667
15.90833333
15.95
15.99166667
16.03333333
16.075
16.11666667
16.15833333
16.2
16.24166667
16.28333333
16.325
16.36666667
16.40833333
16.45
16.49166667
16.53333333
16.575
16.61666667
16.65833333
16.7
16.74166667
16.78333333
16.825
16.86666667
16.90833333
16.95
16.99166667
17.03333333
17.075
17.11666667
17.15833333
17.2
17.24166667
17.28333333
17.325
17.36666667
17.40833333
17.45
17.49166667
17.53333333
17.575
17.61666667
17.65833333
17.7
17.74166667
17.78333333
17.825
17.86666667
17.90833333
17.95
17.99166667
18.03333333
18.075
18.11666667
18.15833333
18.2
18.24166667
18.28333333
18.325
18.36666667
18.40833333
18.45
18.49166667
18.53333333
18.575
18.61666667
18.65833333
18.7
18.74166667
18.78333333
18.825
18.86666667
18.90833333
18.95
18.99166667
19.03333333
19.075
19.11666667
19.15833333
19.2
19.24166667
19.28333333
19.325
19.36666667
19.40833333
19.45
19.49166667
19.53333333
19.575
19.61666667
19.65833333
19.7
19.74166667
19.78333333
19.825
19.86666667
19.90833333
19.95
19.99166667
20.03333333
20.075
20.11666667
20.15833333
20.2
20.24166667
20.28333333
20.325
20.36666667
20.40833333
20.45
20.49166667
20.53333333
20.575
20.61666667
20.65833333
20.7
20.74166667
20.78333333
20.825
20.86666667
20.90833333
20.95
20.99166667
21.03333333
21.075
21.11666667
21.15833333
21.2
21.24166667
21.28333333
21.325
21.36666667
21.40833333
21.45
21.49166667
21.53333333
21.575
21.61666667
21.65833333
21.7
21.74166667
21.78333333
21.825
21.86666667
21.90833333
21.95
21.99166667
22.03333333
22.075
22.11666667
22.15833333
22.2
22.24166667
22.28333333
22.325
22.36666667
22.40833333
22.45
22.49166667
22.53333333
22.575
22.61666667
22.65833333
22.7
22.74166667
22.78333333
22.825
22.86666667
22.90833333
22.95
22.99166667
23.03333333
23.075
23.11666667
23.15833333
23.2
23.24166667
23.28333333
23.325
23.36666667
23.40833333
23.45
23.49166667
23.53333333
23.575
23.61666667
23.65833333
23.7
23.74166667
23.78333333
23.825
23.86666667
23.90833333
23.95
23.99166667
24.03333333
24.075
24.11666667
24.15833333
24.2
24.24166667
24.28333333
24.325
24.36666667
24.40833333
24.45
24.49166667
24.53333333
24.575
24.61666667
24.65833333
24.7
24.74166667
24.78333333
24.825
24.86666667
24.90833333
24.95
24.99166667
25.03333333
25.075
25.11666667
25.15833333
25.2
25.24166667
25.28333333
25.325
25.36666667
25.40833333
25.45
25.49166667
25.53333333
25.575
25.61666667
25.65833333
25.7
25.74166667
25.78333333
25.825
25.86666667
25.90833333
25.95
25.99166667
26.03333333
26.075
26.11666667
26.15833333
26.2
26.24166667
26.28333333
26.325
26.36666667
26.40833333
26.45
26.49166667
26.53333333
26.575
26.61666667
26.65833333
26.7
26.74166667
26.78333333
26.825
26.86666667
26.90833333
26.95
26.99166667
27.03333333
27.075
27.11666667
27.15833333
27.2
27.24166667
27.28333333
27.325
27.36666667
27.40833333
27.45
27.49166667
27.53333333
27.575
27.61666667
27.65833333
27.7
27.74166667
27.78333333
27.825
27.86666667
27.90833333
27.95
27.99166667
28.03333333
28.075
28.11666667
28.15833333
28.2
28.24166667
28.28333333
28.325
28.36666667
28.40833333
28.45
28.49166667
28.53333333
28.575
28.61666667
28.65833333
28.7
28.74166667
28.78333333
28.825
28.86666667
28.90833333
28.95
28.99166667
29.03333333
29.075
29.11666667
29.15833333
29.2
29.24166667
29.28333333
29.325
29.36666667
29.40833333
29.45
29.49166667
29.53333333
29.575
29.61666667
29.65833333
29.7
29.74166667
29.78333333
29.825
